ambient_wave_1_harmonics 1024 0.98 0.28 -0.14 -0.02 0.0 0.0 0.0 0.0 0.0 -0.02 -0.02 0.0 0.0 0.0 0.0 0.0 0.0 0.0 0.0 0.0 0.0 0.0 0.0 0.0;
ambient_wave_2_harmonics 1024 0.54 0.16 0.02 0. 0. 0. 0. 0. 0. 0. 0. 0. 0. 0. 0. 0. 0. 0. 0. 0. 0. 0. 0. 0.;
ambient_wave_3_harmonics 1024 0.46 -0.34 -0.04 0. -0.04 0. -0.02 0. 0. 0. 0. 0. 0. 0. 0. 0. 0. 0. 0. 0. 0. 0. 0. 0.;
ambient_wave_4_harmonics 1024 0.34 -0.3 0. 0. -0.02 0. 0. 0. 0. 0. -0.02 0. 0. 0. 0. 0. 0. 0. 0. 0. 0. 0. 0. 0.;
ambient_wave_5_harmonics 1024 0.42 -0.36 0. 0. 0. 0. 0. 0. 0. 0. 0. 0. 0. 0. 0. 0. 0. 0. 0. 0. 0. 0. 0. 0.;
ambient_amplitude_env: 0. 0. 0. 1291.925415 0.916667 -0.105 5900.621094 0. -0.5;
ambient_timbre_env_1: 0. 0. 0. 335.403717 0.833333 -0.35 894.409912 0.345238 -0.2 5863.354004 0. -0.25;
ambient_timbre_env_2: 0. 0. 0. 3296.066162 0.654762 0.5 5995.859375 0. -0.25;
facet_w1 1024 0.3 0.18 0. 0. 0. 0. 0. 0. 0. 0. 0. 0. 0. 0. 0. 0. 0. 0. 0. 0. 0. 0. 0. 0.;
facet_w2 1024 0. 0.4 0. 0. 0. 0. 0. 0. 0. 0. 0. 0. 0. 0. 0. 0. 0. 0. 0. 0. 0. 0. 0. 0.;
facet_w3 1024 0. 0. 0. 0.18 0. 0. 0. 0.58 0. 0. 0. 0. 0. 0. 0. 0. 0. 0. 0. 0. 0. 0. 0. 0.;
facet_w4 1024 0. 0. 0. 0. 0.06 0. 0. 0. 0. 0. 0. 0. 0. 0. 0. 0. 0. 0. 0. 0. 0. 0. 0. 0.;
facet_w5 1024 0.28 0. 0.18 0. 0. 0.06 0. 0. 0. 0. 0. 0. 0. 0. 0. 0. 0. 0. 0. 0. 0. 0. 0. 0.;
facet_w6 1024 0. 0.16 0. 0.08 0. 0. 0. 0.08 0. 0. 0. 0. 0. 0. 0. 0. 0. 0. 0. 0. 0. 0. 0. 0.;
facet_w7 1024 0.6 0. 0.8 0. 0. 0.84 0. -0.44 0. 0. 0. 0. 0. 0.82 0. 0. 0. 0. -0.38 0. 0. 0. 0. 0.;
facet_w8 1024 0. 0. 0. -0.18 0. 0. 0. 0. 0. -0.78 0. 0. 0. 0.8 0. 0. 0. 0. 0. -0.62 0. 0. 0. 0.;
facet_w9 1024 0. 0. 0. 0. 0. 0. 0. 0. 0. 0. 0.26 0. 0. 0. -0.18 0. 0. 0.36 0. 0. 0.7 -0.36 0. 0.;
facet_w10 1024 0. -0.24 0. 0. 0. 0. 0. 0.36 0. 0. 0. 0. 0. 0.06 0. 0. 0. 0. 0. 0. 0.02 0. 0. 0.;
facet_w11 1024 0. 0. 0.56 0. 0. 0. 0. 0. 0.44 0. 0. 0. -0.62 0. 0. 0. 0. 0. 0.14 0. 0.18 0. 0. 0.;
facet_w12 1024 0. 0. 0.24 0. 0. 0. 0. 0.58 0. 0. 0.62 0. 0. 0. -0.28 0. 0. 0. 0. 0. 0. 0.2 0. -0.24;
